The report for Q5:

PenData:
Max = 0.907661520869
Average = 0.90251572327
SD = 0.00294329049199

CarData:
Max = 0.844240837696
Average = 0.835732984293
SD = 0.00776565286607